
 i	    x
--------------------
  1	0.975000
  2	0.095063
  3	0.335500
  4	0.869465
  5	0.442633
  6	0.962165
  7	0.141973
  8	0.475084
  9	0.972579
 10	0.104010
 11	0.363448
 12	0.902278

 i	    x
--------------------
  1	0.624000
  2	0.915034
  3	0.303214
  4	0.823973
  5	0.565661

 i	    x
--------------------
  1	0.819000
  2	0.578132
  3	0.951192

 i	    x
--------------------
  1	0.351000
  2	0.888416
  3	0.386618
  4	0.924864
  5	0.271013
  6	0.770504
  7	0.689628
  8	0.834760
  9	0.537949
 10	0.969384
 11	0.115748
 12	0.399167
 13	0.935348
 14	0.235842
 15	0.702861

 i	    x
--------------------
  1	0.965250
  2	0.130816
  3	0.443441
  4	0.962524
  5	0.140678
  6	0.471463
  7	0.971824

 i	    x
--------------------
  1	0.819000
  2	0.578132
  3	0.951192
  4	0.181061
  5	0.578283
  6	0.951100
  7	0.181385

 i	    x
--------------------
  1	0.918840
  2	0.290835
  3	0.804375
  4	0.613688

 i	    x
--------------------
  1	0.524160
  2	0.972724
  3	0.103477
  4	0.361800
  5	0.900513
  6	0.349400
  7	0.886546
  8	0.392270

 i	    x
--------------------
  1	0.351000
  2	0.888416
  3	0.386618
  4	0.924864
  5	0.271013
  6	0.770504

 i	    x
--------------------
  1	0.862290
  2	0.463109
  3	0.969692
  4	0.114617
  5	0.395773
  6	0.932633
  7	0.245031
  8	0.721465
  9	0.783718

 i	    x
--------------------
  1	0.575640
  2	0.952687
